C:\keras-yolo3-master/VOCdevkit/VOC2007/JPEGImages/image-0.jpg 1538,821,1548,855,10 1550,820,1558,850,11 1558,820,1566,850,33 1569,819,1577,851,0 1576,820,1585,847,6 1585,820,1593,848,6 1593,820,1603,846,1
C:\keras-yolo3-master/VOCdevkit/VOC2007/JPEGImages/image-1.jpg 539,784,545,801,10 545,785,552,802,29 552,785,560,803,12 560,785,568,803,7 568,785,575,803,5 575,786,581,804,8 580,786,589,803,4
C:\keras-yolo3-master/VOCdevkit/VOC2007/JPEGImages/image-10.jpg 1602,830,1619,874,11 1617,829,1632,874,12 1631,829,1650,869,22 1651,831,1666,865,7 1665,828,1677,865,0 1676,826,1691,865,4 1690,824,1706,865,7
C:\keras-yolo3-master/VOCdevkit/VOC2007/JPEGImages/image-100.jpg 1489,873,1499,898,10 1497,872,1510,900,17 1507,871,1519,898,16 1518,872,1530,897,5 1528,872,1538,896,1 1536,871,1546,896,4 1545,870,1555,894,7
C:\keras-yolo3-master/VOCdevkit/VOC2007/JPEGImages/image-101.jpg 1611,895,1622,921,11 1619,895,1630,919,12 1627,894,1639,919,33 1637,893,1649,919,1 1646,893,1658,916,4 1655,893,1664,917,6 1663,891,1673,916,4
C:\keras-yolo3-master/VOCdevkit/VOC2007/JPEGImages/image-102.jpg 132,712,143,734,9 139,713,148,734,4 147,714,155,738,5 154,716,161,739,0 161,717,171,742,17 169,718,180,744,32
C:\keras-yolo3-master/VOCdevkit/VOC2007/JPEGImages/image-103.jpg 136,713,146,740,10 144,715,155,743,30 153,716,163,742,34 164,720,176,744,5 174,720,185,745,5 183,721,192,750,0 192,722,201,750,0
C:\keras-yolo3-master/VOCdevkit/VOC2007/JPEGImages/image-104.jpg 1443,885,1455,910,27 1454,886,1464,912,11 1462,886,1473,910,16 1473,887,1484,910,5 1482,888,1492,911,7 1491,887,1501,912,1 1500,888,1510,912,8
C:\keras-yolo3-master/VOCdevkit/VOC2007/JPEGImages/image-105.jpg 758,763,770,789,2 769,763,781,789,7 780,764,792,790,2 791,764,800,790,0 801,765,814,791,21 813,763,826,791,19
C:\keras-yolo3-master/VOCdevkit/VOC2007/JPEGImages/image-106.jpg 760,764,770,788,2 770,765,780,789,7 780,764,791,789,2 791,765,800,789,0 802,765,814,790,21 812,764,825,789,19
C:\keras-yolo3-master/VOCdevkit/VOC2007/JPEGImages/image-108.jpg 864,777,874,799,0 872,777,884,800,6 882,777,894,801,2 894,777,905,802,0 905,778,917,802,30 915,778,928,803,11
C:\keras-yolo3-master/VOCdevkit/VOC2007/JPEGImages/image-109.jpg 798,785,809,806,4 808,785,818,807,31 818,784,830,807,8 828,785,839,807,1 837,784,847,808,6 846,785,857,808,5
C:\keras-yolo3-master/VOCdevkit/VOC2007/JPEGImages/image-11.jpg 1288,817,1298,844,10 1298,817,1307,843,30 1306,817,1318,842,27 1318,817,1330,841,2 1329,817,1338,838,1 1337,815,1349,839,9 1347,815,1358,837,8
C:\keras-yolo3-master/VOCdevkit/VOC2007/JPEGImages/image-110.jpg 802,785,813,809,4 811,785,821,808,31 822,785,832,809,8 831,786,841,809,1 839,786,850,809,6 848,785,859,809,5
C:\keras-yolo3-master/VOCdevkit/VOC2007/JPEGImages/image-111.jpg 917,775,927,797,8 926,776,937,794,6 936,777,943,796,0 943,776,954,798,5 955,776,966,798,23 965,777,974,798,7
C:\keras-yolo3-master/VOCdevkit/VOC2007/JPEGImages/image-112.jpg 875,840,887,867,8 886,840,899,866,9 898,841,910,868,7 909,840,923,867,4 923,841,937,867,35 935,842,948,867,17
C:\keras-yolo3-master/VOCdevkit/VOC2007/JPEGImages/image-113.jpg 471,832,483,862,8 480,834,493,862,9 492,835,505,865,7 503,836,517,865,4 515,837,530,868,35 528,837,542,870,17
C:\keras-yolo3-master/VOCdevkit/VOC2007/JPEGImages/image-115.jpg 751,875,765,908,8 764,875,780,907,9 778,876,794,908,7 791,876,808,908,4 809,876,826,911,35 824,876,841,911,17
C:\keras-yolo3-master/VOCdevkit/VOC2007/JPEGImages/image-116.jpg 782,926,801,970,8 800,927,818,975,9 816,930,837,975,7 833,930,854,979,4 857,931,877,983,35 874,932,897,983,17
C:\keras-yolo3-master/VOCdevkit/VOC2007/JPEGImages/image-117.jpg 634,822,647,855,10 646,822,660,855,20 659,823,674,857,31 674,825,689,857,8 687,825,701,859,4 699,826,714,859,5 712,829,727,858,6
C:\keras-yolo3-master/VOCdevkit/VOC2007/JPEGImages/image-119.jpg 919,806,928,828,10 927,806,938,830,20 936,806,947,829,31 948,807,959,830,8 957,808,968,830,4 967,807,977,830,5 975,807,986,829,6
C:\keras-yolo3-master/VOCdevkit/VOC2007/JPEGImages/image-12.jpg 461,790,470,809,5 455,789,460,810,0 445,788,454,809,9 437,788,446,808,8 428,786,437,807,27 421,787,429,807,19 413,787,422,809,10
C:\keras-yolo3-master/VOCdevkit/VOC2007/JPEGImages/image-120.jpg 748,786,757,807,10 756,787,765,807,20 764,788,773,807,31 773,788,783,807,8 782,788,791,809,4 790,789,800,807,5 798,788,807,809,6
C:\keras-yolo3-master/VOCdevkit/VOC2007/JPEGImages/image-121.jpg 336,795,345,817,4 344,795,354,818,7 351,797,361,820,6 359,797,370,822,7 369,799,380,821,30 378,800,389,823,2
C:\keras-yolo3-master/VOCdevkit/VOC2007/JPEGImages/image-122.jpg 427,820,438,846,4 435,820,449,847,7 445,820,456,850,6 455,822,468,851,7 467,823,480,850,30 479,826,490,852,2
C:\keras-yolo3-master/VOCdevkit/VOC2007/JPEGImages/image-123.jpg 89,802,99,830,17 81,800,90,827,35 74,799,80,826,0 50,792,58,821,4 57,794,66,822,9 64,796,74,822,5
C:\keras-yolo3-master/VOCdevkit/VOC2007/JPEGImages/image-124.jpg 1777,796,1790,831,8 1788,795,1800,828,30 1799,793,1810,826,9 1808,792,1819,825,4 1816,791,1826,822,6 1825,789,1838,819,9
C:\keras-yolo3-master/VOCdevkit/VOC2007/JPEGImages/image-125.jpg 875,787,888,813,1 886,787,899,812,9 898,787,911,814,5 909,788,923,813,4 924,788,938,814,35 936,788,949,815,22
C:\keras-yolo3-master/VOCdevkit/VOC2007/JPEGImages/image-127.jpg 626,805,636,825,1 635,806,644,824,2 643,806,651,825,7 650,806,660,826,4 660,806,670,825,25 669,806,678,827,6
C:\keras-yolo3-master/VOCdevkit/VOC2007/JPEGImages/image-128.jpg 142,835,154,863,1 151,835,162,863,2 161,833,171,866,7 170,837,182,866,4 182,840,195,870,25 193,843,204,874,6
C:\keras-yolo3-master/VOCdevkit/VOC2007/JPEGImages/image-129.jpg 943,801,951,817,7 950,801,957,818,3 956,801,963,819,6 962,801,970,819,1 969,801,977,819,21 976,801,986,819,12
C:\keras-yolo3-master/VOCdevkit/VOC2007/JPEGImages/image-13.jpg 85,816,95,847,10 95,820,104,848,19 101,820,114,849,27 113,823,125,852,8 123,823,134,854,9 134,823,142,855,0 141,824,157,857,5
C:\keras-yolo3-master/VOCdevkit/VOC2007/JPEGImages/image-130.jpg 1285,825,1296,846,7 1295,826,1304,845,3 1302,824,1311,846,6 1309,826,1320,844,1 1319,824,1329,845,21 1327,825,1338,844,12
C:\keras-yolo3-master/VOCdevkit/VOC2007/JPEGImages/image-131.jpg 581,859,592,881,7 590,859,599,879,8 598,860,607,881,6 605,860,616,882,5 615,860,627,880,23 626,861,635,883,8
C:\keras-yolo3-master/VOCdevkit/VOC2007/JPEGImages/image-132.jpg 902,876,917,916,10 916,878,932,912,11 930,875,948,913,30 949,877,967,917,4 964,878,980,916,6 979,879,995,916,8 993,878,1010,913,7
C:\keras-yolo3-master/VOCdevkit/VOC2007/JPEGImages/image-133.jpg 1515,810,1526,833,2 1523,810,1535,833,9 1533,809,1542,831,6 1541,808,1552,831,7 1550,808,1562,830,23 1560,807,1570,830,35
C:\keras-yolo3-master/VOCdevkit/VOC2007/JPEGImages/image-135.jpg 855,809,862,828,0 861,809,871,828,1 869,809,877,829,6 875,810,886,827,5 884,809,894,830,15 892,809,902,828,34 1477,814,1487,834,7 1485,813,1495,833,4 1495,813,1502,834,0 1501,813,1511,834,9 1510,812,1520,833,15 1518,810,1530,832,22
C:\keras-yolo3-master/VOCdevkit/VOC2007/JPEGImages/image-136.jpg 856,819,872,852,11 869,819,886,852,13 885,820,900,853,19 900,818,916,852,8 914,820,930,852,7 928,820,943,852,5 942,819,957,852,5
C:\keras-yolo3-master/VOCdevkit/VOC2007/JPEGImages/image-137.jpg 354,746,365,767,12 363,747,372,767,31 372,748,382,770,5 381,748,391,770,3 390,749,398,770,0 397,749,407,771,7
C:\keras-yolo3-master/VOCdevkit/VOC2007/JPEGImages/image-138.jpg 1606,887,1616,916,10 1615,886,1626,915,17 1624,887,1636,915,23 1635,886,1647,913,7 1645,887,1656,913,7 1654,887,1664,913,8 1662,887,1673,914,4
C:\keras-yolo3-master/VOCdevkit/VOC2007/JPEGImages/image-139.jpg 210,837,221,864,10 218,839,231,866,28 227,840,239,867,29 238,842,249,868,8 247,843,259,870,8 256,844,267,871,2 263,844,277,872,9
C:\keras-yolo3-master/VOCdevkit/VOC2007/JPEGImages/image-14.jpg 442,737,450,754,8 434,736,442,756,9 427,736,434,754,6 419,736,427,756,6 410,734,419,756,15 403,733,411,756,26 394,732,403,755,10
C:\keras-yolo3-master/VOCdevkit/VOC2007/JPEGImages/image-140.jpg 1351,784,1362,807,4 1359,784,1369,808,6 1367,784,1378,807,1 1376,784,1387,807,2 1385,783,1397,808,17 1394,784,1406,805,26
C:\keras-yolo3-master/VOCdevkit/VOC2007/JPEGImages/image-141.jpg 1286,808,1302,839,4 1300,806,1314,839,6 1312,808,1326,840,1 1323,807,1338,838,2 1336,806,1351,836,17 1349,807,1364,837,26
C:\keras-yolo3-master/VOCdevkit/VOC2007/JPEGImages/image-142.jpg 975,822,989,849,11 986,823,1001,849,16 999,823,1013,849,35 1012,821,1027,850,4 1025,822,1039,850,4 1038,822,1048,850,0 1046,823,1062,849,4
C:\keras-yolo3-master/VOCdevkit/VOC2007/JPEGImages/image-143.jpg 350,803,361,826,10 359,804,369,828,17 367,805,377,828,20 376,807,388,830,7 386,808,396,831,5 394,808,404,832,9 403,809,413,833,9
C:\keras-yolo3-master/VOCdevkit/VOC2007/JPEGImages/image-145.jpg 792,819,804,843,7 802,819,814,842,2 814,819,824,845,0 823,819,836,845,6 837,820,850,843,32 849,819,861,845,19
C:\keras-yolo3-master/VOCdevkit/VOC2007/JPEGImages/image-146.jpg 810,766,820,787,10 818,766,828,788,32 827,768,838,787,13 837,769,848,787,5 847,769,856,789,1 854,769,865,788,4 863,769,873,788,7
C:\keras-yolo3-master/VOCdevkit/VOC2007/JPEGImages/image-147.jpg 817,781,828,808,10 828,783,839,807,32 837,782,850,808,13 850,784,863,808,5 860,784,873,808,1 871,784,883,809,4 881,785,893,808,7
C:\keras-yolo3-master/VOCdevkit/VOC2007/JPEGImages/image-148.jpg 509,782,523,809,10 521,782,535,811,32 532,784,547,811,13 547,785,561,814,5 558,786,572,814,1 570,786,584,815,4 581,788,596,815,7
C:\keras-yolo3-master/VOCdevkit/VOC2007/JPEGImages/image-149.jpg 1461,977,1479,1011,11 1476,975,1494,1008,12 1491,973,1508,1008,31 1510,968,1524,1005,0 1521,968,1540,1000,9 1535,965,1552,998,4 1548,960,1564,997,2
C:\keras-yolo3-master/VOCdevkit/VOC2007/JPEGImages/image-150.jpg 1715,819,1726,847,11 1724,818,1734,845,14 1732,816,1744,843,30 1742,814,1753,841,1 1751,813,1760,839,5 1758,811,1768,836,4 1765,809,1776,834,9
C:\keras-yolo3-master/VOCdevkit/VOC2007/JPEGImages/image-151.jpg 869,769,880,791,10 878,769,889,791,34 887,770,899,792,32 899,770,910,791,8 908,771,919,791,5 918,772,929,791,5 927,771,938,793,6
C:\keras-yolo3-master/VOCdevkit/VOC2007/JPEGImages/image-153.jpg 843,786,856,811,10 854,785,865,811,31 864,786,876,812,12 877,787,889,811,1 887,787,898,811,6 896,787,909,810,1 907,788,921,811,5
C:\keras-yolo3-master/VOCdevkit/VOC2007/JPEGImages/image-154.jpg 844,785,855,811,10 853,786,865,811,31 864,786,876,812,12 876,787,889,812,1 887,787,898,812,6 897,787,910,813,1 908,788,921,813,5
C:\keras-yolo3-master/VOCdevkit/VOC2007/JPEGImages/image-155.jpg 391,746,401,765,9 399,747,406,766,6 405,747,414,767,7 412,749,422,767,9 421,749,430,768,12 429,749,438,768,8
C:\keras-yolo3-master/VOCdevkit/VOC2007/JPEGImages/image-156.jpg 1517,774,1527,796,10 1524,773,1534,793,31 1532,771,1541,795,12 1540,772,1551,793,1 1546,769,1555,792,6 1554,771,1562,793,1 1561,770,1571,792,5
C:\keras-yolo3-master/VOCdevkit/VOC2007/JPEGImages/image-157.jpg 1416,739,1428,762,10 1424,738,1434,762,31 1431,738,1443,760,25 1443,737,1453,762,7 1451,738,1461,760,9 1460,737,1469,759,5 1467,736,1478,759,7
C:\keras-yolo3-master/VOCdevkit/VOC2007/JPEGImages/image-158.jpg 911,796,924,820,7 922,796,935,821,2 933,796,946,821,7 945,797,957,821,2 958,796,972,820,14 971,796,983,821,19
C:\keras-yolo3-master/VOCdevkit/VOC2007/JPEGImages/image-159.jpg 153,830,169,870,10 165,831,183,870,30 181,830,198,874,27 197,833,214,871,7 212,833,229,872,4 227,834,242,873,7 240,836,258,873,4 1731,824,1747,859,11 1744,823,1757,858,10 1752,819,1767,854,32 1765,819,1780,853,9 1776,817,1788,851,5 1784,816,1797,850,4 1792,815,1808,848,2
C:\keras-yolo3-master/VOCdevkit/VOC2007/JPEGImages/image-16.jpg 11,815,20,848,10 18,816,30,850,29 27,821,39,851,12 39,821,50,858,7 48,824,59,859,5 57,826,68,860,8 67,827,78,861,4
C:\keras-yolo3-master/VOCdevkit/VOC2007/JPEGImages/image-160.jpg 845,818,861,852,11 858,818,875,852,13 873,819,887,852,19 888,820,904,851,8 902,819,917,853,7 915,819,930,853,5 929,819,944,851,5
C:\keras-yolo3-master/VOCdevkit/VOC2007/JPEGImages/image-161.jpg 899,809,911,831,35 910,808,920,831,19 919,810,929,831,5 928,810,938,831,9 937,810,944,832,0 943,810,956,831,7
C:\keras-yolo3-master/VOCdevkit/VOC2007/JPEGImages/image-17.jpg 262,753,269,774,11 268,753,277,774,17 275,753,285,775,17 284,754,293,774,8 292,755,301,776,8 299,756,307,777,1 307,757,316,775,9
C:\keras-yolo3-master/VOCdevkit/VOC2007/JPEGImages/image-18.jpg 908,798,917,819,10 916,798,925,819,29 924,798,935,819,12 935,800,945,819,7 944,799,954,819,5 952,800,961,819,8 961,799,970,819,4
C:\keras-yolo3-master/VOCdevkit/VOC2007/JPEGImages/image-19.jpg 1575,820,1584,844,10 1583,819,1593,844,11 1592,818,1603,843,33 1602,819,1612,844,0 1611,818,1619,841,6 1618,816,1628,841,6 1628,816,1636,839,1
C:\keras-yolo3-master/VOCdevkit/VOC2007/JPEGImages/image-20.jpg 873,810,881,830,10 882,810,891,831,29 891,810,902,832,12 902,811,913,833,7 913,811,921,833,5 920,811,931,833,8 929,811,940,835,4
C:\keras-yolo3-master/VOCdevkit/VOC2007/JPEGImages/image-21.jpg 1296,799,1303,817,10 1303,798,1310,818,21 1310,799,1318,816,30 1318,798,1327,817,2 1327,797,1332,817,0 1332,798,1339,816,5 1339,797,1347,816,4
C:\keras-yolo3-master/VOCdevkit/VOC2007/JPEGImages/image-22.jpg 944,814,954,838,2 954,814,964,838,27 964,814,975,840,6 974,816,984,839,9 983,815,993,840,4 992,816,1004,839,5
C:\keras-yolo3-master/VOCdevkit/VOC2007/JPEGImages/image-23.jpg 1659,797,1670,822,11 1669,796,1679,820,12 1677,795,1688,820,31 1688,792,1698,820,9 1698,792,1706,817,5 1705,793,1714,817,1 1713,791,1722,817,7
C:\keras-yolo3-master/VOCdevkit/VOC2007/JPEGImages/image-24.jpg 424,768,431,789,6 430,769,438,790,7 437,770,447,791,4 447,770,453,791,0 454,771,463,792,12 462,771,471,791,8
C:\keras-yolo3-master/VOCdevkit/VOC2007/JPEGImages/image-25.jpg 1530,803,1539,826,10 1538,800,1546,824,34 1546,801,1555,824,28 1555,801,1565,822,8 1563,800,1571,822,6 1571,798,1579,823,1 1579,800,1588,821,9
C:\keras-yolo3-master/VOCdevkit/VOC2007/JPEGImages/image-26.jpg 1119,825,1130,850,6 1130,824,1141,849,1 1140,824,1150,850,0 1149,824,1161,850,6 1161,823,1173,850,23 1173,824,1183,849,12
C:\keras-yolo3-master/VOCdevkit/VOC2007/JPEGImages/image-27.jpg 1573,834,1583,864,11 1583,834,1594,863,17 1592,834,1606,860,16 1604,832,1616,860,4 1615,832,1626,861,2 1625,831,1635,859,1 1635,830,1645,857,8
C:\keras-yolo3-master/VOCdevkit/VOC2007/JPEGImages/image-28.jpg 630,789,636,806,10 636,789,644,808,11 643,789,650,809,34 650,789,658,811,1 657,791,665,809,4 664,792,672,810,6 670,792,679,812,2
C:\keras-yolo3-master/VOCdevkit/VOC2007/JPEGImages/image-29.jpg 236,889,245,915,10 244,889,254,918,35 253,891,262,918,22 262,893,273,922,7 272,896,281,923,1 281,897,290,926,6 289,899,300,927,4
C:\keras-yolo3-master/VOCdevkit/VOC2007/JPEGImages/image-3.jpg 956,779,964,793,5 964,779,970,794,1 970,778,975,795,0 975,778,982,794,4 982,778,989,794,25 989,778,997,794,11
C:\keras-yolo3-master/VOCdevkit/VOC2007/JPEGImages/image-30.jpg 503,871,510,891,10 510,872,517,894,35 517,871,525,893,22 526,872,534,895,7 533,874,541,895,1 541,874,548,896,6 548,875,556,897,4
C:\keras-yolo3-master/VOCdevkit/VOC2007/JPEGImages/image-31.jpg 804,845,821,877,2 820,844,831,878,0 831,846,845,878,4 845,847,860,880,1 860,845,877,880,15 875,847,890,879,29
C:\keras-yolo3-master/VOCdevkit/VOC2007/JPEGImages/image-32.jpg 844,815,858,845,2 858,815,869,847,0 868,816,881,848,4 880,816,894,848,1 895,818,910,848,15 908,819,922,848,29
C:\keras-yolo3-master/VOCdevkit/VOC2007/JPEGImages/image-33.jpg 867,812,879,838,2 879,813,887,838,0 886,814,897,838,4 896,813,907,837,1 907,814,919,838,15 917,815,929,837,29
C:\keras-yolo3-master/VOCdevkit/VOC2007/JPEGImages/image-34.jpg 869,823,883,846,2 881,823,889,843,0 888,822,899,846,4 898,823,909,846,1 909,822,921,844,15 920,822,930,845,29
C:\keras-yolo3-master/VOCdevkit/VOC2007/JPEGImages/image-35.jpg 1225,856,1238,881,9 1235,855,1249,880,2 1246,854,1258,879,7 1256,852,1269,880,8 1269,851,1282,877,15 1280,851,1293,876,32
C:\keras-yolo3-master/VOCdevkit/VOC2007/JPEGImages/image-37.jpg 251,834,261,856,15 257,837,268,856,3 265,837,275,857,1 271,838,282,858,1 280,839,289,862,1 285,839,297,861,1 942,850,954,871,9 952,850,963,871,2 961,849,972,871,7 970,849,982,869,8 981,849,993,870,15 991,849,1003,871,32
C:\keras-yolo3-master/VOCdevkit/VOC2007/JPEGImages/image-38.jpg 869,859,881,882,32 881,858,892,882,2 891,859,901,882,7 901,859,913,882,8 911,859,924,883,15 923,858,935,883,32 395,826,404,846,15 400,827,410,847,3 408,827,416,848,1 415,827,422,846,1 420,828,428,846,1 427,830,435,846,1
C:\keras-yolo3-master/VOCdevkit/VOC2007/JPEGImages/image-39.jpg 434,836,443,853,9 443,837,450,856,2 448,836,458,857,7 456,837,466,858,8 464,836,474,856,15 473,838,482,857,32
C:\keras-yolo3-master/VOCdevkit/VOC2007/JPEGImages/image-4.jpg 967,782,975,797,5 973,782,981,796,1 980,782,987,797,0 986,781,994,797,4 993,781,1001,797,25 1000,782,1008,796,7
C:\keras-yolo3-master/VOCdevkit/VOC2007/JPEGImages/image-40.jpg 1619,811,1631,840,10 1627,809,1641,838,28 1638,808,1650,836,29 1648,807,1661,834,6 1660,805,1671,832,4 1668,804,1680,831,7 1677,803,1688,827,8
C:\keras-yolo3-master/VOCdevkit/VOC2007/JPEGImages/image-41.jpg 1204,827,1218,854,10 1214,827,1228,852,28 1226,826,1238,851,29 1239,826,1250,851,6 1248,825,1261,849,4 1259,824,1272,847,7 1269,823,1281,847,8
C:\keras-yolo3-master/VOCdevkit/VOC2007/JPEGImages/image-42.jpg 928,900,951,938,10 948,899,966,938,11 966,899,985,937,32 986,897,1006,935,8 1004,896,1023,934,5 1022,895,1041,935,7 1039,897,1057,933,5
C:\keras-yolo3-master/VOCdevkit/VOC2007/JPEGImages/image-43.jpg 961,831,970,850,10 969,831,978,849,11 977,830,986,849,32 987,830,995,848,8 995,830,1003,847,5 1002,830,1012,848,7 1010,830,1019,848,5
C:\keras-yolo3-master/VOCdevkit/VOC2007/JPEGImages/image-46.jpg 1127,829,1134,846,10 1134,829,1142,844,12 1141,827,1150,845,35 1150,827,1159,845,1 1158,826,1164,845,0 1163,827,1172,844,4 1171,826,1179,843,2
C:\keras-yolo3-master/VOCdevkit/VOC2007/JPEGImages/image-48.jpg 1506,878,1521,911,10 1520,876,1534,910,26 1531,877,1547,909,15 1546,875,1561,909,6 1558,875,1571,908,6 1569,875,1583,907,9 1581,874,1594,907,8
C:\keras-yolo3-master/VOCdevkit/VOC2007/JPEGImages/image-49.jpg 302,758,308,779,0 307,759,316,778,4 315,760,324,779,7 322,762,333,781,9 332,763,342,785,35 339,763,351,784,14
C:\keras-yolo3-master/VOCdevkit/VOC2007/JPEGImages/image-5.jpg 913,787,921,804,5 920,788,929,804,1 928,788,934,804,0 933,787,942,804,4 941,788,950,804,25 948,788,957,803,7
C:\keras-yolo3-master/VOCdevkit/VOC2007/JPEGImages/image-50.jpg 181,756,188,780,0 186,756,198,781,4 195,760,206,783,7 203,761,215,784,9 213,762,225,787,35 224,765,235,790,14
C:\keras-yolo3-master/VOCdevkit/VOC2007/JPEGImages/image-51.jpg 815,909,833,943,10 830,910,848,945,28 847,912,865,946,26 867,913,885,947,5 881,914,899,947,1 898,916,915,949,7 913,916,931,951,1
C:\keras-yolo3-master/VOCdevkit/VOC2007/JPEGImages/image-53.jpg 212,723,221,742,11 218,724,226,741,16 224,725,232,742,35 231,727,240,745,4 237,728,246,745,4 244,729,251,746,0 249,730,260,747,4
C:\keras-yolo3-master/VOCdevkit/VOC2007/JPEGImages/image-54.jpg 234,725,243,743,11 240,726,248,743,12 246,727,254,746,31 253,729,262,747,7 259,730,268,747,1 266,731,273,747,2 271,733,281,749,5
C:\keras-yolo3-master/VOCdevkit/VOC2007/JPEGImages/image-55.jpg 214,745,222,766,10 220,746,229,768,17 227,747,236,768,20 235,750,244,769,7 243,751,251,771,5 249,752,258,773,9 256,753,265,773,9
C:\keras-yolo3-master/VOCdevkit/VOC2007/JPEGImages/image-56.jpg 681,798,690,816,2 688,798,697,817,4 695,799,704,817,1 703,799,712,819,1 711,800,721,819,30 720,801,728,819,33
C:\keras-yolo3-master/VOCdevkit/VOC2007/JPEGImages/image-57.jpg 153,769,162,789,10 161,771,169,792,17 168,772,176,795,20 176,774,186,794,7 184,776,192,797,5 191,777,200,798,9 199,779,207,799,9
C:\keras-yolo3-master/VOCdevkit/VOC2007/JPEGImages/image-58.jpg 113,803,124,824,8 122,804,130,825,6 128,805,137,828,9 135,808,144,831,8 144,810,154,834,12 152,812,162,835,8
C:\keras-yolo3-master/VOCdevkit/VOC2007/JPEGImages/image-6.jpg 912,851,923,873,10 923,852,931,873,21 931,853,942,873,28 944,852,953,877,7 953,855,961,875,8 961,853,971,875,7 971,853,979,877,1
C:\keras-yolo3-master/VOCdevkit/VOC2007/JPEGImages/image-60.jpg 181,750,190,769,2 187,749,197,770,26 195,752,204,773,1 202,753,210,775,8 209,753,216,776,0 215,754,224,777,7
C:\keras-yolo3-master/VOCdevkit/VOC2007/JPEGImages/image-61.jpg 1599,858,1609,878,10 1607,858,1614,879,19 1613,858,1622,878,27 1621,857,1631,877,2 1629,857,1636,878,0 1634,857,1643,877,8 1641,857,1649,877,5
C:\keras-yolo3-master/VOCdevkit/VOC2007/JPEGImages/image-62.jpg 286,738,296,757,11 293,739,304,758,17 301,740,311,759,23 310,743,319,761,8 317,743,327,763,7 325,745,335,765,7 332,746,342,764,7
C:\keras-yolo3-master/VOCdevkit/VOC2007/JPEGImages/image-63.jpg 458,754,467,772,7 450,753,459,771,7 443,752,451,770,7 436,751,445,769,8 413,747,423,766,11 420,748,430,767,17 427,749,437,767,23 958,835,965,850,3 964,835,970,850,6 969,836,976,851,5 974,836,981,852,6 980,836,987,852,35 986,836,994,852,17
C:\keras-yolo3-master/VOCdevkit/VOC2007/JPEGImages/image-64.jpg 322,744,331,766,27 330,746,339,767,12 337,745,347,768,21 347,747,358,770,2 357,749,363,771,0 363,751,374,772,4 372,752,380,773,0
C:\keras-yolo3-master/VOCdevkit/VOC2007/JPEGImages/image-65.jpg 188,773,195,791,5 183,771,189,788,0 177,769,184,787,2 171,769,178,785,5 164,766,171,785,35 159,764,166,782,25 152,763,160,781,10
C:\keras-yolo3-master/VOCdevkit/VOC2007/JPEGImages/image-66.jpg 1415,978,1427,1003,8 1425,979,1435,1004,8 1434,978,1446,1002,5 1444,977,1455,1003,1 1455,976,1466,1001,25 1466,976,1476,1001,2
C:\keras-yolo3-master/VOCdevkit/VOC2007/JPEGImages/image-67.jpg 1470,889,1480,913,7 1478,888,1489,913,4 1488,888,1498,912,7 1496,887,1506,912,8 1514,886,1525,911,33
C:\keras-yolo3-master/VOCdevkit/VOC2007/JPEGImages/image-68.jpg 1566,903,1577,932,10 1575,902,1587,930,17 1585,901,1596,930,17 1597,901,1608,928,8 1606,901,1618,928,9 1615,899,1626,928,6 1625,899,1633,927,0
C:\keras-yolo3-master/VOCdevkit/VOC2007/JPEGImages/image-69.jpg 641,808,648,826,10 647,809,657,827,17 655,808,664,828,19 664,811,673,827,9 672,812,680,830,7 678,812,687,829,8 686,813,695,831,8
C:\keras-yolo3-master/VOCdevkit/VOC2007/JPEGImages/image-7.jpg 484,911,498,947,6 497,911,509,951,3 509,915,523,948,4 522,915,536,955,1 538,915,550,954,28 552,917,565,955,17
C:\keras-yolo3-master/VOCdevkit/VOC2007/JPEGImages/image-70.jpg 713,799,721,818,10 719,800,728,818,21 727,800,737,819,23 736,801,745,819,7 743,801,753,820,4 751,802,760,820,9 759,802,768,822,1
C:\keras-yolo3-master/VOCdevkit/VOC2007/JPEGImages/image-71.jpg 660,954,675,985,6 673,955,688,986,8 686,955,700,988,8 699,956,714,987,1 713,958,730,985,25 726,957,740,987,22 1045,930,1053,953,10 1060,931,1070,951,10
C:\keras-yolo3-master/VOCdevkit/VOC2007/JPEGImages/image-72.jpg 686,989,699,1022,10 696,988,711,1019,12 709,987,723,1020,10 722,985,737,1018,6 735,986,748,1018,1 747,984,756,1016,0 755,984,768,1015,9
C:\keras-yolo3-master/VOCdevkit/VOC2007/JPEGImages/image-73.jpg 1314,959,1332,998,1 1330,962,1347,1001,3 1345,960,1363,998,6 1360,962,1380,999,1 1379,962,1397,998,28 1394,962,1413,997,16
C:\keras-yolo3-master/VOCdevkit/VOC2007/JPEGImages/image-74.jpg 356,852,365,875,8 364,853,373,877,7 372,855,382,877,6 381,857,388,879,0 389,858,399,880,15 856,847,866,870,16 846,846,857,869,28 835,846,846,868,1 825,844,835,868,6
C:\keras-yolo3-master/VOCdevkit/VOC2007/JPEGImages/image-75.jpg 827,877,833,896,0 832,880,840,898,6 838,880,846,898,4 844,882,852,901,1 851,883,860,905,17 858,884,866,902,34
C:\keras-yolo3-master/VOCdevkit/VOC2007/JPEGImages/image-76.jpg 646,874,662,907,35 661,876,677,909,22 678,879,693,909,8 692,881,707,911,7 707,882,719,912,0 719,882,735,914,4
C:\keras-yolo3-master/VOCdevkit/VOC2007/JPEGImages/image-77.jpg 768,816,778,836,11 776,817,786,838,17 785,817,795,838,23 795,818,806,839,4 803,819,813,840,6 812,820,822,840,6 820,821,829,841,8
C:\keras-yolo3-master/VOCdevkit/VOC2007/JPEGImages/image-78.jpg 774,821,783,840,11 781,821,791,841,17 790,822,800,842,23 800,821,811,843,4 808,823,817,844,6 815,824,826,845,6 824,824,834,845,8
C:\keras-yolo3-master/VOCdevkit/VOC2007/JPEGImages/image-79.jpg 811,795,819,813,11 817,796,826,812,17 824,796,833,814,23 832,797,840,814,4 838,797,846,815,6 844,798,852,816,6 851,798,859,818,8
C:\keras-yolo3-master/VOCdevkit/VOC2007/JPEGImages/image-8.jpg 641,896,651,926,6 651,896,661,928,3 660,896,670,926,4 670,897,680,927,1 683,903,693,928,28 691,901,703,932,17
C:\keras-yolo3-master/VOCdevkit/VOC2007/JPEGImages/image-80.jpg 715,792,724,810,27 723,793,731,811,11 730,794,739,812,13 739,794,748,813,7 747,795,755,813,7 754,796,762,814,7 761,797,769,814,8
C:\keras-yolo3-master/VOCdevkit/VOC2007/JPEGImages/image-81.jpg 764,801,775,825,10 773,802,785,824,30 783,803,795,825,30 795,804,807,827,9 805,805,816,828,7 815,808,825,829,5 824,807,835,831,4 1306,882,1318,907,10 1316,884,1327,906,21 1325,884,1337,907,34 1335,886,1349,907,9 1347,885,1354,907,0 1354,885,1365,907,8 1363,885,1374,908,1
C:\keras-yolo3-master/VOCdevkit/VOC2007/JPEGImages/image-82.jpg 1422,979,1437,1010,27 1435,979,1449,1007,12 1445,977,1459,1008,25 1461,978,1473,1007,5 1471,977,1483,1006,5 1481,976,1494,1005,4 1492,975,1505,1006,1
C:\keras-yolo3-master/VOCdevkit/VOC2007/JPEGImages/image-83.jpg 696,869,709,899,10 709,870,725,901,20 723,871,739,901,31 740,872,754,903,5 753,874,768,904,6 767,876,782,905,5 779,877,795,906,7
C:\keras-yolo3-master/VOCdevkit/VOC2007/JPEGImages/image-84.jpg 582,831,592,854,10 591,832,603,855,20 602,833,613,856,31 614,834,626,858,5 624,835,636,859,6 634,837,646,861,5 644,838,657,861,7
C:\keras-yolo3-master/VOCdevkit/VOC2007/JPEGImages/image-85.jpg 584,855,596,882,10 595,856,609,884,20 608,857,622,885,31 624,858,638,886,5 636,860,649,887,6 648,863,662,888,5 660,864,673,891,7
C:\keras-yolo3-master/VOCdevkit/VOC2007/JPEGImages/image-86.jpg 1379,925,1388,946,10 1387,926,1396,945,17 1394,926,1404,944,17 1404,926,1413,945,8 1412,926,1420,944,0 1418,923,1428,944,2 1426,924,1435,943,4
C:\keras-yolo3-master/VOCdevkit/VOC2007/JPEGImages/image-87.jpg 1391,924,1401,943,17 1400,921,1410,944,17 1408,923,1418,944,8 1417,923,1424,945,0 1422,920,1433,943,2 1431,921,1440,942,4 1384,923,1392,946,10
C:\keras-yolo3-master/VOCdevkit/VOC2007/JPEGImages/image-88.jpg 747,787,756,803,9 755,786,761,805,0 760,789,769,805,5 767,789,776,805,2 775,790,784,805,30 783,791,791,806,7
C:\keras-yolo3-master/VOCdevkit/VOC2007/JPEGImages/image-89.jpg 1421,869,1428,891,10 1428,870,1438,891,21 1436,869,1445,891,34 1447,869,1455,889,0 1453,870,1462,892,9 1461,870,1470,890,9 1468,870,1478,892,8
C:\keras-yolo3-master/VOCdevkit/VOC2007/JPEGImages/image-9.jpg 1177,887,1190,916,10 1189,884,1200,917,30 1201,886,1210,916,33 1212,884,1224,916,5 1223,884,1235,911,2 1235,884,1245,917,7 1245,882,1255,911,5
C:\keras-yolo3-master/VOCdevkit/VOC2007/JPEGImages/image-90.jpg 822,848,835,872,10 833,847,844,872,34 843,848,857,873,30 856,849,867,874,6 865,851,877,875,8 876,851,887,875,1 887,850,896,876,0
C:\keras-yolo3-master/VOCdevkit/VOC2007/JPEGImages/image-91.jpg 718,781,726,794,6 726,781,732,794,2 731,782,737,796,5 736,781,744,797,8 744,783,752,797,30 751,783,757,796,6
C:\keras-yolo3-master/VOCdevkit/VOC2007/JPEGImages/image-92.jpg 736,855,755,892,11 754,855,771,892,15 771,857,790,896,16 797,859,808,897,0 810,861,829,898,8 827,861,847,899,2 845,863,864,901,8
C:\keras-yolo3-master/VOCdevkit/VOC2007/JPEGImages/image-93.jpg 837,810,846,828,11 844,811,853,829,12 851,811,860,829,31 860,812,869,829,7 867,813,876,830,2 875,813,881,830,0 880,813,889,830,2
C:\keras-yolo3-master/VOCdevkit/VOC2007/JPEGImages/image-94.jpg 1047,893,1056,916,10 1055,894,1065,915,34 1063,895,1073,916,28 1075,897,1085,917,8 1083,897,1093,917,9 1091,898,1101,919,8 1100,897,1109,919,4
C:\keras-yolo3-master/VOCdevkit/VOC2007/JPEGImages/image-95.jpg 591,838,604,868,6 603,839,616,867,4 616,842,629,871,2 627,842,642,870,7 643,843,657,871,21 655,843,669,873,27
C:\keras-yolo3-master/VOCdevkit/VOC2007/JPEGImages/image-96.jpg 1413,887,1430,922,11 1428,889,1443,922,12 1441,887,1459,921,22 1460,887,1475,919,7 1475,887,1485,921,0 1485,887,1503,920,4 1499,885,1514,918,5
C:\keras-yolo3-master/VOCdevkit/VOC2007/JPEGImages/image-97.jpg 954,830,962,849,10 961,830,970,849,30 969,831,979,851,27 978,831,988,850,2 987,832,996,850,1 995,832,1004,850,9 1003,832,1012,850,8
C:\keras-yolo3-master/VOCdevkit/VOC2007/JPEGImages/image-99.jpg 824,858,838,888,2 837,861,852,886,4 849,861,864,888,5 862,861,876,890,6 877,861,892,889,23 891,863,904,890,13 1349,840,1358,863,10 1356,839,1366,862,17 1364,840,1373,861,16 1374,841,1382,861,5 1380,841,1389,860,1 1388,841,1396,860,4